0.10326481875	0.77694799	0.20652964
418	2.75651438
0	0.002985497	0.003250304	0.003502968	0.003750164	0.004000309	0.004251175	0.004557835	0.014499315	0.028214192	0.028571725	0.032217322	0.032735858	0.033229015	0.033501196	0.033787687	0.038163082	0.038541932	0.056953364	0.062249766	0.062540572	0.065674554	0.066394878	0.067910576	0.068926864	0.072696824	0.073539302	0.074314052	0.074965546	0.076252302	0.077013956	0.078020146	0.078274554	0.078748778	0.079012271	0.079497097	0.079758293	0.080003366	0.080253802	0.080500782	0.080752754	0.081490993	0.081973302	0.082280678	0.092769134	0.10846076	0.13885985	0.18410799	0.26452588	0.39900668	0.49975222
1	1.0301634	1.0475393	1.0207553	1.0202369	1.0450896	1.0057475	0.99330704	0.99869453	1.0022048	1.0278782	0.98421696	0.98903532	1.0442006	1.0376732	0.99874993	0.98676236	1.0231917	0.99544104	1.011374	1.0444713	0.97865462	1.0317477	0.96688624	0.96130065	0.77195504	0.68844199	0.64886456	0.59953274	0.49401699	0.43836868	0.36582881	0.34815326	0.31249331	0.2925003	0.25657171	0.23674965	0.21819661	0.19876191	0.18043788	0.1624386	0.12121477	0.11023272	0.10653139	0.11117252	0.11389961	0.11693662	0.11985979	0.12360365	0.12893357	0.13259373
0.10326481875	0.77694799	0.20652964
433	2.75550507
0	0.000744446	0.001254755	0.001497845	0.00227039	0.00259631	0.006306659	0.007977244	0.008498446	0.009606987	0.010311893	0.010704471	0.01132421	0.012395974	0.0132606	0.013712355	0.013984473	0.043804443	0.050513319	0.066818805	0.067227022	0.067790151	0.06806313	0.069282922	0.069656543	0.070899507	0.072102299	0.072720797	0.074510104	0.074987436	0.076252305	0.077009395	0.077994654	0.078532387	0.07899555	0.079493478	0.079753821	0.080002156	0.080250498	0.080512642	0.081256429	0.081521973	0.081960915	0.082319898	0.085945506	0.099679976	0.12320542	0.16584831	0.24152257	0.3940493	0.49975222
1	1.0020312	1.0270398	1.0153459	1.0082064	1.0258087	0.98983011	1.0046988	0.97556781	0.97224024	1.0203245	1.0214328	0.9758713	1.0098103	1.0117358	0.97642063	0.98752607	1.0079275	0.99708289	1.0035841	0.97001339	0.95921564	0.96762083	0.9303972	0.88998791	0.86124431	0.7774494	0.75392833	0.61335651	0.58192306	0.48515281	0.42917347	0.35560059	0.31753183	0.28303999	0.24531873	0.22594512	0.20762166	0.18892437	0.16969162	0.12584316	0.1171542	0.10861493	0.10572408	0.10900438	0.11267696	0.11573539	0.11904581	0.12296747	0.12909867	0.13298614
0.10326481875	0.77694799	0.20652964
448	2.75522663
0	0.000501363	0.000753874	0.001007408	0.001698714	0.002153648	0.00254299	0.005509029	0.005865781	0.008093865	0.008558093	0.009518817	0.009963758	0.01077223	0.011061606	0.017818944	0.029876185	0.03009517	0.06677597	0.067249692	0.067720316	0.068151016	0.068485471	0.071001938	0.071294337	0.073003633	0.075003603	0.076263063	0.076990895	0.077760741	0.078269162	0.078744599	0.079016971	0.079506887	0.079762393	0.080008989	0.080255962	0.080506965	0.081005893	0.081268056	0.081756806	0.082014786	0.082207731	0.085417259	0.093894182	0.10713515	0.13552369	0.19230189	0.29592477	0.48802031	0.49975222
1	1.000315	1.0209546	1.0292833	1.0172593	0.97657879	1.0158269	1.0112453	0.98839892	0.99398357	0.96788439	0.97069744	1.0169014	1.0281998	0.99868011	0.97335404	1.0050323	0.99880052	0.99648202	0.94981183	0.94645322	0.97341736	0.93752026	0.84664119	0.82957521	0.71708909	0.56621802	0.47628591	0.42132555	0.36140456	0.32419644	0.29225388	0.27108146	0.23401169	0.21533762	0.19760056	0.1795399	0.16104169	0.13034306	0.12059225	0.10964811	0.10657022	0.10578587	0.10890653	0.11149828	0.11403093	0.1171626	0.12095881	0.12571314	0.1331882	0.13334541
0.10326481875	0.77694799	0.20652964
463	2.78011079
0	0.001964915	0.002691032	0.003265934	0.003941371	0.004998668	0.005248166	0.005606293	0.008634239	0.009003735	0.009505261	0.063510074	0.063747164	0.064120542	0.06640409	0.06681488	0.06766798	0.070562837	0.070884173	0.071987403	0.072252279	0.072507543	0.072888069	0.07381322	0.075522723	0.075762868	0.077246883	0.077807675	0.078254732	0.07852982	0.078780747	0.079251315	0.079511609	0.079762057	0.080012228	0.080272073	0.081020768	0.081269715	0.081514186	0.081843885	0.08224069	0.083157827	0.085552244	0.093234348	0.10705335	0.14037727	0.19075277	0.24724448	0.36887847	0.49853547	0.49975222
1	1.0007695	1.0389792	0.97669645	0.98655778	0.97404849	1.0005921	0.9894585	1.0145686	0.97396255	0.9942869	1.0092254	1.021749	0.98602912	0.97944475	0.96348657	0.95490614	0.86162959	0.84606569	0.76487148	0.76179619	0.74696363	0.70356754	0.64006648	0.52190328	0.49958488	0.39205949	0.34930571	0.31610452	0.29497718	0.27589631	0.23995923	0.22050137	0.20150518	0.18260274	0.16400507	0.12424464	0.11633727	0.11123725	0.1075454	0.10586937	0.10711281	0.10910422	0.11164706	0.11438914	0.11777233	0.12113976	0.1240606	0.12934626	0.13459657	0.1349839
0.10326481875	0.77694799	0.20652964
478	2.77830734
0	0.002250332	0.039503546	0.039753724	0.040459454	0.040721342	0.048193954	0.048642649	0.050489028	0.050763531	0.051305072	0.052784981	0.062511666	0.062750398	0.06300314	0.063265444	0.06376776	0.064152044	0.066173894	0.066927971	0.067987323	0.070873467	0.070963916	0.072681352	0.073755964	0.074032076	0.074505451	0.075695043	0.076553259	0.077231215	0.077535997	0.078049847	0.078502391	0.078795465	0.079237142	0.07951133	0.079761803	0.080080232	0.081185016	0.081559656	0.08197977	0.082296219	0.082876417	0.085600252	0.093335878	0.10750847	0.1412543	0.19057568	0.25494831	0.36421834	0.49975222
1	0.99582679	0.99710544	0.98204518	0.98237235	1.0084277	1.0044673	0.98039718	0.98428655	0.9714572	1.0239029	1.0051719	0.99331841	1.0149175	1.0121117	0.99373498	1.0006879	0.9827341	0.99185735	0.95259272	0.96020113	0.82932609	0.82821483	0.72073397	0.63720088	0.6080089	0.5787572	0.49701563	0.43053329	0.38284744	0.35802187	0.31945995	0.28561791	0.26359879	0.23107119	0.21025006	0.19130349	0.169902	0.11674404	0.11050773	0.10674963	0.10579152	0.10694847	0.10906033	0.11152597	0.11430711	0.11794349	0.1213995	0.1248395	0.12971378	0.13529804
0.10326481875	0.77694799	0.20652964
493	2.7817261
0	0.00198437	0.00221185	0.011777784	0.012934114	0.013298624	0.01414276	0.01566459	0.019286519	0.027998514	0.028290857	0.040347423	0.040873353	0.042400847	0.042778201	0.045803246	0.046770569	0.047025927	0.047532422	0.047771253	0.050771711	0.051243133	0.051681095	0.05958382	0.06593945	0.066269091	0.066803099	0.06743108	0.067961763	0.07144473	0.071884281	0.072911823	0.074607889	0.075977169	0.076738115	0.077289118	0.078011794	0.078514264	0.078990215	0.07925743	0.079509032	0.080059093	0.08117682	0.082050625	0.085947288	0.10386483	0.1397168	0.19336269	0.2933864	0.46922432	0.49975222
1	1.0079627	0.98793887	1.0111538	1.0077834	0.97301993	0.97071986	1.0369083	1.0029388	0.98476713	1.0197313	0.98310041	1.0306113	0.98118315	1.0347524	0.97672844	0.97875828	1.0153163	0.98857963	0.99655852	0.97191007	1.0280091	1.0317743	0.98315443	0.99857341	1.0083822	0.95268346	0.95426396	0.9800496	0.79350136	0.75092073	0.70764466	0.56591468	0.47000296	0.41367635	0.37059976	0.31264127	0.27557761	0.24069104	0.22126843	0.2021712	0.16452939	0.11562568	0.10670069	0.10996317	0.11428256	0.1185538	0.12255088	0.12790217	0.13549954	0.13644084